"","gene_ID","X88F","X88M","X88supM","X89F","X89M","X89supM","X103F","X103M","X103supM","X9F","X9M"
"30414","comp21897_c0",5,10,58,4,14,61,6,117,0,15,81
"30877","comp22076_c0",0,0,0,0,0,1,0,0,2,32,55
"31082","comp22147_c0",16,69.9,43,70,11,49,30,36,2,3,4
"31925","comp22477_c0",1,10,4,9,5,59.02,0,22,2,5,58
"32197","comp22595_c0",93.01,391.75,925.66,426,73.98,428,0,0,17,1132.01,623.8
"32230","comp22611_c0",1,7.99,140.91,2,0,758.82,2,244.18,0,5,261.43
"32263","comp22625_c0",0,0,0,0,0,1,135,166,3,0,1
"32310","comp22643_c0",51,129,109,62,19,7,128,192,1,10,6
"32317","comp22645_c0",0,0,0,3,411,471,0,1209,3,0,94
"32395","comp22678_c0",0,1,1,0,0,1,667,505,11,0,0
"32400","comp22680_c0",0,1,0,4,122,211,2,1122.99,0,0,7
"32486","comp22713_c0",89,314,302,152,20,0,440,578.25,8,0,0
"32507","comp22726_c0",1,0,0,3,57,669.79,0,3653.93,0,0,4
"32532","comp22736_c0",61,148,211,246,44,212,13,32,2,191,106.82
"32535","comp22738_c0",0,83,168,194.01,34,2,251,279.65,1,0,0
"32754","comp22842_c0",752,1054,3198,458,4,1845,1599,4440,30,1,5
"32789","comp22855_c0",934.96,2703.42,3566.63,3168.15,568.38,1497.56,4837.81,7726.3,115,1764.26,1254.9
"32861","comp22886_c0",2701,3546.46,4748.08,2356.14,599,1137,4815.12,12669.83,130,1423.58,2231.68
"33019","comp22961_c0",10,111,226,177,127.01,343,65,745,8,180,206
"33471","comp23183_c0",10,36,42,29,3,37,5,1,1,32,43
"33649","comp23274_c0",1,20,1,0,1,0,0,5,2,40,73
"33675","comp23288_c0",8,30,44,0,0,0,13,64,1,0,0
"33866","comp23387_c0",13,64.41,61,0,0,0,0,0,0,3,6
"33896","comp23405_c0",0,0,0,1,19,49,0,239,0,0,0
"33911","comp23414_c0",23,79,36,52,8,40,62,63,0,0,2
"33941","comp23428_c0",7,37,46,3,1,4,22,97,1,1,6
"33987","comp23452_c0",6,9,119,73,7,19,14,1537.52,56.09,14,24
"34046","comp23482_c0",2,4,17,4,7,40,0,45,0,1,95
"34050","comp23485_c0",1,7,7,13,22,75,4,196,0,4,10
"35191","comp24228_c0",7,56,82,60,6,44,72,69,1,3,1
"36226","comp24909_c0",5,24,46,14,4,15,0,0,2,33,16
"45115","comp28394_c0",4,24,106,6,2,53,5,82,0,7,38
"49730","comp31333_c0",10,36,40,45,6,16,70,46,0,0,0
"49944","comp31405_c0",53,144,46,1103,83,221,169.37,679,4,9,74
"50145","comp31475_c0",7,18,45,27,28,65,1,6,0,13,64
"50438","comp31577_c0",0,1,7,0,810,1270,0,6001.15,2,0,143
"50497","comp31597_c0",34.95,166,163,151.95,22,88,161,190.01,3,1,1
"51393","comp31913_c0",9,39,44,71.16,9,19,77.63,78,5,15.13,10
"51483","comp31950_c0",55,126,155,88,26,245,110,559.66,3,3,8
"51494","comp31954_c0",7,31,38,35,2,14,47,77,2,12,7
"51530","comp31967_c0",26,105,126,159,35,90,130,655,6,53.87,37.95
"51744","comp32046_c0",63,277,342.6,334.18,42,151.08,116.76,124,10,471.12,198.02
"52262","comp32238_c0",0,0,0,0,6,29,0,0,2,112,86
"52285","comp32248_c0",12,138.99,79.91,0,0,0,51,106.05,1,0,0
"52330","comp32266_c0",4,30,16,54,4,30,6,17,0,0,0
"52486","comp32326_c0",2,4,4,11,52,135,4,405,0,3,25
"52488","comp32327_c0",1,2,3,6,8,22,0,418,4,1,9
"52879","comp32480_c0",0,0,0,0,19,32,0,86,0,0,0
"53112","comp32568_c0",4,13,10,47,11,27,57,85,1,10,8
"53794","comp32833_c0",0,0,2,0,0,53,0,87,0,1,53
"53956","comp32893_c0",400,1407,6979.02,2941,687,7662.2,1158,16546.97,165,1893.4,9264.05
"54033","comp32926_c0",342,1777,525,695,314,528,1330,2917,39,450.95,325
"54114","comp32958_c0",0,0,66,0,996,1402.58,0,4662.74,0,0,229
"54115","comp32958_c1",0,3,36,0,617.05,963,1,3303.38,2,2,174
"54350","comp33048_c0",3,0,0,26,8,19,0,0,0,54,32
"54496","comp33104_c0",25,67,28,12,12,0,34,78,1,0,0
"54535","comp33119_c0",1,2,19,11,17,57.02,0,126,0,7,43
"54567","comp33130_c0",0,0,0,1,287,416,4,591,0,0,73
"54571","comp33131_c0",0,3,2,2,0,0,1,1,3,84,47
"54743","comp33206_c0",11,60,62,45,6,40,0,0,0,53,47
"55072","comp33331_c0",0,0,0,0,6,27,0,229.39,0,0,0
"55096","comp33343_c0",0,60,111,76,11,93,0,0,1,29,65
"55251","comp33412_c0",0,7,44,7,4,106,10,162,2,4,621
"55310","comp33441_c0",3,15,49,9,2,179,2,120,0,5,85
"55479","comp33505_c0",0,0,0,0,1,371.32,0,109,0,0,421
"55480","comp33505_c1",0,1,1,0,0,479.99,0,151,2,0,553.98
"55573","comp33544_c0",0,0,0,0,0,0,0,0,2,70,59
"55577","comp33545_c0",35,60,134,53,16,75,63,2783.82,73,25,88
"55581","comp33546_c0",0,0,1,0,6,55,2,23,1,23,922
"55613","comp33560_c0",23.96,76.04,86.97,53.96,13,27.99,125.59,228,1,28.99,21
"55665","comp33581_c0",0,0,0,71,19,1,115,322,1,0,0
"56096","comp33783_c0",0,3,1,2,657.93,2136.31,0,7613.7,0,0,2
"56448","comp33935_c0",22,121,60,59,26,23,68,113,1,9,6
"56478","comp33946_c0",37,82,196,378,41,134,156,5993.6,175,59,315
"56479","comp33946_c1",29,61.98,88,231,19,84,123,4165.14,131,24,140.22
"56747","comp34081_c0",5,7,87,5,15,61,13,367,0,16,74
"56816","comp34111_c0",88,99,78,144,20,14,164,135,3,11.61,22.99
"56943","comp34161_c0",60.1,97,137,0,0,0,32,217.99,0,3,12
"57224","comp34287_c1",0,72,103,0,0,0,0,0,4,161,69
"57515","comp34429_c0",0,0,0,0,0,41,0,0,7,145,100.97
"57525","comp34435_c0",7,56,34,40,169,1640,60,3397,1,72,168
"57732","comp34538_c0",10,29,95,25,8,150,15,355,9,38,748
"57754","comp34550_c0",12,0,180,87,691,957,2,2804,11,21,416.87
"57774","comp34557_c0",0,0,0,56,20,106,92,239,0,0,0
"57775","comp34557_c1",0,0,0,18,9,46,62,144,3,0,0
"58800","comp35035_c0",31,143.66,0,184,0,158,204.03,229.64,4,0,0
"60278","comp35771_c0",0,0,0,3,10,27,0,90,0,1,3
"61635","comp36535_c0",44,190,182,0,0,0,177,370,3,0,0
"64932","comp38650_c0",0,0,0,0,1,0,45,123,2,0,0
"66842","comp39986_c0",2,6,405,12,10,20,91,1630.91,19,8,3
"67586","comp40571_c0",25,23,93,74,14.98,150.2,34.06,237.99,3,6.55,8.99
"68442","comp41207_c0",0,5,5,0,0,36.14,3,77.98,0,19,173
"68478","comp41235_c0",0,7,59,2,2,66,4,82,3,3,16
"68757","comp41452_c0",4,1,55,7,1,36,0,4,0,26,70
"68978","comp41602_c0",98.65,256,100,158,40,0,7,185,0,0,0
"69006","comp41612_c0",0,1,0,34,7,54.96,34,171,0,1,0
"69207","comp41709_c0",3,1,96,6,103,109,1,328,1,1,72
"69217","comp41716_c0",2,2,12,2,86,287,0,1037,0,3,93
"69369","comp41788_c0",4,17,39,17,3,20,45,215,10,14,18
"69372","comp41790_c0",278.69,1211.98,2101.26,437.77,511.01,916.76,620.61,3962.83,49.15,671.41,507.9
"69519","comp41856_c0",0,3,2,5,547,1471,3,7208,1,7,44
"69535","comp41863_c0",2,11,31,4,1,48,3,57,2,5,121
"69681","comp41932_c0",15,60,57,45,3,41,2,2,4,69,61
"69768","comp41969_c0",1,0,0,2,2,1,0,5,3,189,65.47
"69880","comp42021_c0",0,2,2,0,1,38,0,305,0,2,32
"69899","comp42029_c1",47,151,191,170,18,89,210,158,2,22,13
"69907","comp42032_c0",2,46,70,91,7,31,15,15,2,100,65
"70043","comp42095_c0",0,0,0,0,0,0,197,154,2,0,0
"70340","comp42238_c0",3,5,19,9,15,21,13,137,0,10,54
"70475","comp42305_c0",2,8,21,6,3,208.02,5,236.64,1,3,209
"70834","comp42477_c0",1,14,97,47,29,34,30,657,1,14,111
"70835","comp42477_c1",0,8,36,9,10,6,8,208,0,6,33
"70850","comp42484_c0",0,0,0,0,0,0,0,0,6,105,146
"71118","comp42606_c0",53,176,309.02,0,11,332,248,751,6,1,2
"71335","comp42710_c0",232,600,1342,430,240,207,420,2139,24,71,258
"71372","comp42725_c1",0,0,0,0,0,1,1,1,2,34,42
"71458","comp42767_c0",0,0,4,5,8,27,0,69,0,1,2
"71486","comp42782_c0",3,2,2,5,22,41.15,2,201,1,1,37
"71706","comp42888_c0",49,150.21,188,168.93,31,73,581,409,6,0,0
"72908","comp43460_c0",225,570,733,334,89,194,636,1366.01,16,237.95,143.29
"73040","comp43529_c0",466,1636,2876.71,2364,245,1082,632,1079,69,1851,1410.99
"73342","comp43675_c0",2,20,57,11,126,186,13,365.94,2,0,49.79
"73367","comp43690_c0",0,1,0,0,0,0,0,2,3,144,93
"73382","comp43696_c0",0,0,0,6,12,31,0,118,0,0,15
"73691","comp43856_c0",90,242,278,64.01,11,16,260.01,450.47,1,33,33.23
"73861","comp43959_c0",0,0,5,0,52,144,0,610,0,0,8
"73862","comp43959_c1",0,0,4,0,39,92,0,464,0,0,8
"74352","comp44219_c0",0,0,1,0,24,41.31,0,199,1,4,4
"74413","comp44247_c0",33,107,266,121,28,130,101,217,10,294,445
"74588","comp44334_c1",6,13,108.94,69,8,20,17,4111.49,121,10.44,64
"74632","comp44359_c0",0,0,0,0,22,43,0,127,0,1,7
"74687","comp44388_c0",50,131,187,310.95,211,965,129,1883,16,231,511
"75082","comp44590_c0",0,1,2,0,32,77,0,202.02,0,4,4
"75162","comp44628_c0",15,41,69,1,1,1,26,103,0,0,5
"75387","comp44741_c0",2,12,38,22,5,10,15,1005,19,6,14
"75450","comp44772_c0",0,0,0,1,13,32.27,0,67,0,0,4
"75561","comp44834_c0",11,34,33,0,0,0,0,0,1,13,7.02
"75611","comp44856_c0",31,83,116,130,22,40,123,3648.57,89,45,90
"75661","comp44885_c0",32.99,224.99,304.13,351.97,25,365.02,163.99,884.83,13.31,40.19,52.46
"75768","comp44941_c0",19,53,57,1,0,1,33,81,0,0,0
"76404","comp45287_c0",2,7,13,3,4,39,9,79,0,7,38
"76841","comp45524_c0",0,2,2,5,47,105,3,224,1,2,5
"77061","comp45655_c0",0,0,0,5,16,34,0,83,0,1,20
"77213","comp45728_c0",1,1,15,0,5,22,4,124,2,2,10
"77229","comp45737_c0",0,1,13,0,39.32,29,0,384.56,2,0,91.94
"77232","comp45739_c0",0,4,38,1,0,30,1,198,0,5,235
"77327","comp45786_c1",33,79,65,107,21,66,159,217,8,19,31
"77639","comp45953_c0",8,5,48,19,73,209,9,776,4,1,401
"77727","comp45997_c0",0,44.06,104,0,2,45,0,88,6,1,1217
"77765","comp46019_c0",0,25,74,0,0,56,0,19,0,1,289
"77769","comp46021_c0",6,44,51,1,0,1,57,73,0,0,0
"77795","comp46035_c0",0,6,40,11,4,9,14,347.89,11,5,2
"77847","comp46065_c0",7,62,40,56,6,32.99,31,88,0,1.47,0
"77899","comp46096_c0",0,0,2,12,4,4,263,140,4,15,6.58
"77990","comp46145_c0",0,5,20,2,1,58,1,188,1,7,80
"78057","comp46180_c0",8,80,42,42,7,25,8.01,11,2,77.3,40.96
"78601","comp46499_c0",264,757,737,839,134,468,927.64,1304,18,396.03,142
"78869","comp46655_c0",1,2,4,11,6,17,3,64.15,1,12,60
"79090","comp46782_c0",1,1,2,1,0,0,1,2,4,241,326
"79145","comp46810_c0",2,2,0,41,10,24,5,2,1,43,63
"79532","comp47056_c0",14,34,33,30,5,14,15,18,0,53,50
"79660","comp47133_c0",2,60,447,111,53,426.07,22,1913.09,12,76,1544.4
"79681","comp47144_c1",0,3,5,1.99,0,0,115.08,143,2,0,1
"80082","comp47379_c0",799,2037,2369,2193.01,407,1601,2409.01,276,80,97,133
"80260","comp47485_c0",0,0,0,0,0,4,0,8,4,51,39
"80385","comp47560_c0",12,67,58,43,5,46,12.98,14,1,61,57
"80462","comp47610_c0",1,0,8,0,1,24,2,78,0,3,26
"80558","comp47670_c0",16,39,64.83,63,8,0,35,123,1,0,0
"80738","comp47784_c0",15,41,95,45,15,65,19,107,6,163,150
"80741","comp47784_c3",20,51,115,62,19,49,20,92,7,190,135
"80938","comp47896_c0",3,1,39,4,3,78,7,67,0,21,234
"81181","comp48041_c1",16,68,54,64,3,19,67,80.04,2,12,4.05
"81197","comp48049_c0",21,57,46,40,5,140,95,159,2,4.18,7
"81438","comp48191_c0",0,0,1,0,8,0,45,266.84,0,0,0
"81468","comp48204_c0",0,1,8,1,1,40,1,90,0,0,56
"81591","comp48273_c0",0,0,0,0,108,149,0,427,0,0,8
"81630","comp48296_c0",9,15,75,17,7,17,70,38,1,2,5
"81883","comp48442_c0",2,7,3,15,3,10,689.5,758.99,19,5,1
"81894","comp48449_c0",1,1,8,5,23,4,0,313,17,0,33.77
"81918","comp48461_c0",49,196,175,25.17,1,11,17.57,22.74,4,147.01,132
"82034","comp48529_c0",30,266,145,97,54,334,108,479.61,10,73,314
"82045","comp48535_c0",4,11,32,5,41,64,8,154,1,8,409
"82052","comp48539_c0",80,131,285,412,37,469,104,200,17,674,294
"82184","comp48616_c0",39,233.27,215,242,24,78,78,109,4,273,205
"82226","comp48644_c0",0,2,42,5,0,7,0,1010.65,22,0,3
"82244","comp48656_c0",4,5,34.01,25,32,110,37,2320,4,7,168.48
"82279","comp48675_c0",12,1,138,56,352,780,0,1343,2,23,281
"82327","comp48705_c0",0,0,1,1,43,64,1,465,0,1,1
"82367","comp48726_c0",2821,4000,5266.49,2859,1136,1311,6762.03,20350.82,185,1554,3287
"82389","comp48740_c1",795.29,3177.48,11142.39,2745.24,416.88,5454.25,1415.34,4823.71,97,3660.65,3472.52
"82396","comp48746_c0",4774.13,12798.29,17364.35,13385.09,4208.61,16633.32,15052.03,51643.37,447.82,4670.55,7415.16
"82444","comp48774_c0",42,86,3,76,1,3,75,194.94,3,1,4
"82449","comp48778_c0",28,170,879.18,48,21,141,275,614,9,10,44
"82652","comp48896_c0",0,1,3,4,0,239.76,0,125.98,0,1,84
"82744","comp48953_c0",6,8,54,3,0,2,349,587,0,9,3
"82844","comp49015_c0",23,102,118,85,11,53.06,0,5,3,78,60
"82845","comp49015_c1",292,1059,1244,830,171,557,5,37,13,975,747
"82868","comp49027_c0",1,0,55,44,7,54,40,67.02,0,0,0
"82985","comp49095_c0",363,1729.05,1775.67,1714.1,215.99,993,425.1,380.77,35.52,2292.87,1108.18
"82986","comp49096_c0",32,56,15,26,0,1,53,133,0,0,0
"83048","comp49136_c0",0,0,0,0,436,2378,0,882.99,0,0,0
"83115","comp49179_c0",5,34,15,1,0,0,228,177,0,0,0
"83203","comp49237_c0",2,11,11,9,26,49,0,188,0,5,11
"83233","comp49254_c0",337.09,1877.12,2088,1874.18,443,1693.08,2378.61,4214.86,40,2,0
"83280","comp49292_c0",1,0,11,1,6,34,0,154,0,2,21
"83296","comp49303_c0",4,21,12,18,10,36,15,155,5,15,60
"83315","comp49312_c0",0,0,0,0,96,248.03,0,418.19,0,0,10
"83379","comp49355_c0",5,10,117,18,10,57,7,471,2,37,327.59
"83445","comp49401_c0",1,7,11,15,8,42,0,69.14,0,2,24
"83472","comp49418_c0",23,33,138,70,110.81,238,51,668,4,38,125.63
"83473","comp49421_c0",7,22,32,8,4,36,37,417,6,19,116
"83587","comp49495_c0",74,234,92,103,36,19,1206.44,1733,15,57,70
"83614","comp49514_c0",8,17,21,11,10,30,13,259,3,6,80
"83653","comp49535_c0",7,36,27,32,5,21,35,26,4,161,73.1
"83698","comp49561_c0",2,20,29,27,19,108.96,24.58,112.09,1,11,43
"83740","comp49589_c0",6,27,43,0,2,333.01,50,2617.92,29,426,18990.8
"83757","comp49598_c0",23,60,141,100,22,67,67,1168,22,30,71
"83763","comp49603_c1",0,0,0,0,0,0,553.45,556,11,0,0
"83779","comp49613_c0",4,12,28,6,3,47.98,5,130.65,5,4,57
"83829","comp49644_c0",5,19,43,12,5,82,38,166,2,62,400
"83867","comp49667_c1",1,1,2,0,0,0,36,143,2,1,1
"83899","comp49688_c0",6,40,32,35,3,19,1,3,0,42.48,34.01
"83915","comp49696_c0",9,13,230,7,22,237,19,496.42,3,32,164
"83983","comp49741_c0",1,4,16,3,1,58,2,93,0,3,34
"83986","comp49744_c0",1,4,21,3,1,22,1,77,1,5,30
"84002","comp49753_c1",2,1,1,1,62,121,2,318,0,0,2
"84069","comp49793_c0",0,0,0,33,5,0,58,94,0,0,0
"84134","comp49829_c0",14,28,109,72.04,11,59,14,19,1,43,35
"84146","comp49838_c0",2,24,33,16,7,352,6,115,1,23,94
"84279","comp49919_c0",68,356,199,77,10,27,438,233.03,0,0,3
"84323","comp49946_c0",0,0,0,0,0,0,0,0,6,81,94
"84329","comp49949_c0",17,65,67,78,13,63,103,1282,23,52,64
"84410","comp49995_c0",25,70,73,41,12,76,78,185,1,0,0
"84446","comp50018_c1",0,2,3,3,1,3,5,1,2,105,124
"84508","comp50056_c0",23,96.57,60,214.03,22,39,131,760,23,0,0
"84650","comp50145_c0",18,56,68,66,12,42,37,122.52,1,0,0
"84768","comp50223_c0",4,70,42,32,2,9,5,6,0,57.97,20
"84848","comp50277_c0",6,17,22.77,14.68,1,16,280,371,4,33.54,19
"84858","comp50283_c0",6,20,19,67,16,44,7368.6,4844.85,76,27,56
"85050","comp50409_c0",1,1,8,7,44,22,3,190,0,2,8
"85083","comp50434_c0",16,42,75,42,0,0,0,0,1,147.24,147.01
"85205","comp50512_c0",155,502.98,504.65,351,83,738.58,402.33,1195.72,24,8,15.1
"85229","comp50527_c0",77,237,425,289,38,81,222,12062,292,76,253
"85423","comp50654_c0",4,12,26,36,1,10,15,14,0,47,39
"85484","comp50696_c0",0,4,1,5,1861.03,4388.66,1,16518.32,1,4,210
"85596","comp50771_c0",1,5,6,16,33,100,7.79,271.91,1,7,21
"85646","comp50803_c0",577,2216,1978.9,1969.91,364,1070,2990.06,2555.95,38,608,363
"85765","comp50877_c0",414,1576.05,4074.99,1333.02,230,332,1039.97,1908.49,8,83,179
"85767","comp50878_c0",2,6,1,59,7,27,37,146,0,8,4
"85849","comp50928_c0",0,3,41,0,0,90,0,18,0,0,761
"86025","comp51045_c0",2,22,56,5,3,97,2,216.02,0,10,89
"86116","comp51110_c0",20,63,42,22,1,1,156,1,2,2,0
"86121","comp51113_c1",1,6,8,3,6,38,18,96,0,3,37
"86193","comp51162_c0",62,118,297,215.99,23,460,80,272.86,13,320,598.19
"86363","comp51268_c0",0,1,7,1,0,25,3,96,0,5,50
"86448","comp51326_c0",13,17,21.96,25,10,29,0,0,1,36,22
"86509","comp51371_c0",0,0,0,201.7,48,0,97,172,2,1,7
"86641","comp51458_c1",59,145,247,135,23,41,115,581,7,23,37
"86662","comp51471_c0",4,13,10,30,11,13.05,30,244.76,1,4,13.01
"86707","comp51501_c0",29,94.01,84,62,37,129,77,299,4,15,18
"86872","comp51605_c0",37,155,62,60,8,19,230,37,3,0,0
"86908","comp51634_c0",2,11,21,3,3,35,5,56,0,13,28
"86984","comp51682_c0",5,23,156,44,691,1094.05,48,2434,3,32,394
"87030","comp51714_c0",7,11,38,26,1,11,13,419,13,3,8
"87032","comp51716_c0",44,119,151.96,84,6,0,85,0,0,0,0
"87050","comp51730_c1",1,4,1,9,13,34,4,128,0,1,5
"87072","comp51742_c1",1,12,54.21,11,47,117,13,454.24,4,24,51
"87213","comp51835_c0",2,160,296,235,28,219,2,2,2,73.91,170
"87219","comp51838_c1",1,2,9,10,11,14,6,267,2,4,62
"87250","comp51860_c0",1,3,3,3,1,33,6,47,2,7,190
"87257","comp51866_c0",15,51,64,1,1,2,2,4,0,37,25
"87302","comp51896_c0",0,0,2,1,1,0,62,101,2,0,3
"87353","comp51924_c0",0,0,0,0,0,51,0,389.13,1,13,419
"87378","comp51940_c0",7,33,57,21,5,45,10,195,5,8,69
"87400","comp51955_c0",10,56,56,96,7,27,73,1863.93,41,29,92
"87504","comp52026_c0",0,5,4,4,18,52.98,1,127,0,1,17
"87603","comp52090_c0",13,58,238,83,16,0,31,262,2,0,0
"87619","comp52101_c0",55,170,73,146,59,179,83,130.88,1,11,5
"87712","comp52165_c0",8,39,32,26,5,43,3,23,0,18,38
"87726","comp52174_c0",11,2,128.89,66,301,528.99,0,2409.7,2,19,253
"87727","comp52174_c1",1,0,7,7,24,35,0,197,0,2,14
"87728","comp52174_c2",7,0,100,36,189,338,1,1423.95,2,17,179
"87788","comp52216_c0",5,9,7,6,16,55,11,120,0,14,171
"87789","comp52216_c1",7,14,51,25,26,178.14,21.7,338.01,3,34,530
"87869","comp52264_c0",1,6,7,6,14,148,2,81,1,0,4
"87894","comp52280_c0",7,47,37,18,5,33,1,1,0,8,6
"88003","comp52346_c0",746,1069,1185,1069,262,970,1400,7385.02,51,337,823
"88039","comp52368_c0",41,89,152,146,293,556,85,1288,2,100,258
"88283","comp52531_c0",0,9,25,5,4,29,10,80,0,9,47
"88291","comp52535_c0",1,2,4,4,17,56,9,115,0,1,6
"88293","comp52537_c0",280,732,756,1060,204.24,658,1598,3108.89,74.92,457.04,599.49
"88351","comp52582_c0",0,1,1,7,10,32,5,66,0,0,8
"88384","comp52605_c0",239,1133.98,619.09,322,36,642.41,134.48,151.62,12,482,305
"88429","comp52638_c0",108.13,178,1683.92,111,98,120,143,2120.99,3,15,184
"88469","comp52663_c0",0,0,5,1,46,145,0,329,1,0,42
"88508","comp52689_c0",0,0,0,65,14,2,1,3,1,49,35
"88557","comp52723_c0",15,31,66,13,6,9,39,47,2,4,3
"88735","comp52846_c0",0,0,1,3,11,31,1,68.76,0,1,2
"88930","comp52971_c0",3,9,48,40,48,78,24,178,4,8,318
"88937","comp52977_c0",7,31,194,7,8,751,5,762,2,13,169
"88960","comp52993_c0",255,775.55,837.73,1208.52,244,998.97,1303.21,4625.71,151,875.09,749.99
"89001","comp53017_c1",0,0,0,0,0,23,0,71,1,0,30
"89043","comp53044_c0",16,61,72.65,19,4,18,58,96,0,2,1.01
"89107","comp53090_c0",0,0,82,0,0,0,94.01,124.47,2,0,0
"89178","comp53136_c0",41,158,132.01,272,53,70,352,472.01,16,116,47
"89203","comp53154_c0",24,43,69,52,18,80,52,189,1,13,15
"89216","comp53163_c0",189,576,590,492.02,115,250,865,1103,14,278.02,203
"89300","comp53223_c1",0,0,1,0,22.01,0,172,819.37,0,1,0
"89317","comp53232_c0",0,0,1,6,5,0,304,234.52,3,26,31
"89344","comp53248_c0",13,53,122,68,6,54,75.13,2353.06,81,30,98.99
"89391","comp53275_c0",6,32,23,147,18,142.71,15,29,4,189,187.01
"89496","comp53344_c0",1047,2477,2975,3725.59,756,3454,1656.92,5173.81,17,1,0
"89544","comp53384_c0",1,0,148.63,0,691.22,1184.22,0,2906.19,9,0,298.06
"89554","comp53389_c0",0,1,3,0,1,2,10,60,2,7,30.86
"89595","comp53414_c0",1004.18,2660,2682,2239.05,469,1617.06,3256,5616.01,49,47,68.02
"89643","comp53449_c0",11,46,127.02,61,25,188,41,711.02,3,65,250
"89676","comp53469_c0",3,10,74,9,5,104,8,279,1,6,100
"89703","comp53491_c0",96,415,488.29,466.06,65,236,294.43,389.78,1,43.28,23.12
"89720","comp53502_c0",3,4,24.48,1,6,28,10,171.99,0,4,60
"89722","comp53504_c0",0,3,0,120,2,9,69.87,94.65,1,4,2
"89743","comp53516_c0",7,21,19,157,33,286.09,331,735.04,2,25,18
"89801","comp53552_c0",1,0,0,1,40,90,0,188,0,0,7
"89933","comp53641_c1",74,199.66,265.04,158.88,19,165.16,6,53,3,193.83,319.61
"90039","comp53718_c0",0,3,0,4,24,51,0,185.07,0,1,4
"90069","comp53739_c3",1,2,23,1,0,223,0,241,3,6,5496
"90114","comp53772_c0",3,7,16,15,17,41,3,104,0,3,20
"90132","comp53780_c4",7,68,121,60,311,521,66,923,6,79,108
"90140","comp53785_c0",7,27,47,12,14,0,20,80,0,0,0
"90148","comp53790_c0",2,9,16,2,2,81,3,83,1,2,67.96
"90165","comp53803_c0",2,5,3,92,21,76,13,18,1,1,0
"90175","comp53809_c0",24,143,108,17,5,12,8,18,4,101,105
"90298","comp53897_c0",105,448,638.33,58,10,182,92.11,146.81,8,459.35,666
"90315","comp53906_c0",193,324,509,691,62,976,155,398.93,24,849.6,456.5
"90377","comp53955_c0",36,97,280.77,84,48,600.9,58,1266.84,13,38.97,261
"90413","comp53980_c1",0,2,19,6,3,10,5,242,2,2,132
"90448","comp54003_c0",49.52,247.46,258.57,437.91,87,408,213,377.08,4,26,14
"90478","comp54019_c0",42,42.89,178.35,115.83,20,105.11,56.89,302.42,6.86,17,22
"90542","comp54060_c0",7,28,95.07,279,37.99,269.96,37,225.19,10,289.35,297
"90574","comp54086_c0",2,5,81.53,33,18,124,8,387,3,2,63
"90591","comp54099_c1",0,1,1,2,9,1001.14,0,756,1,0,112
"90683","comp54163_c0",22,54,63,49.95,9,49,1,8,1,53,83
"90712","comp54181_c0",0,1,0,0,33,34,0,101,0,0,6
"90742","comp54201_c0",1,13,38,15,9,548,34,331,0,26,298
"90770","comp54214_c0",12,25,36,54.99,7,66,15,28,0,92,50
"90783","comp54223_c0",91,339,383,290.97,30,32,173,388,6,5,19
"90784","comp54224_c0",0,0,0,2,0,41,1,72,0,0,25.99
"90882","comp54286_c0",24,72,6,34,6,2,2.1,3.98,0,5,10
"91026","comp54380_c0",0,0,0,3,13,25,0,121,0,0,7
"91035","comp54386_c0",1469.06,4947.59,2985.02,2450.9,655,588,4740.17,4826.89,70,1558.49,679.58
"91127","comp54452_c0",0,0,9,1,1,52,0,72,0,0,131
"91149","comp54466_c0",0,4,16,5,1,20,2,72,4,2,25.75
"91179","comp54488_c0",10,36,28,26,3,10,54,86,0,4,11
"91205","comp54505_c0",185,363,582,343,75,333,416.02,987,19,108,124.78
"91228","comp54521_c0",204,784,1110.28,583.85,112,394.98,681.13,697,12,89,42
"91253","comp54538_c0",24,52,18,89,29,181,122,393,4,8,32
"91255","comp54539_c1",0,0,11,1,25,34,0,96,0,0,10
"91291","comp54566_c0",8,25,151.19,1,0,3,20,47,1,68,71
"91322","comp54586_c0",15,59.99,87,108,18,50,25,18.23,3,89,60
"91325","comp54588_c1",18,34,69,23,9,41,54,73,0,0,5
"91452","comp54668_c1",16,40,121,126,12,50,74,598,17,2,1
"91511","comp54707_c0",8,26,60,6,4,192,4,160,2,14,594
"91543","comp54731_c0",0,4,3,0,1557,10086.93,1,25046.56,0,0,0
"91583","comp54763_c0",10,53,31,41,72,181,52,822.15,5,72,141
"91640","comp54801_c0",39,69,67,183,44,100,389,277,5,59,46
"91660","comp54813_c1",7,42,33,7,38,146.67,1,72,0,57,2608.53
"91910","comp54981_c0",1,15,33,9,3,115,10,266,1,2,165
"91920","comp54989_c0",112,583,575,410,51,307,231,390,14,684,394
"91971","comp55022_c0",3,4,283,3,2,100,9,393.7,11,163,1929.99
"92000","comp55044_c1",5,6,11,45,10,42,9,17,0,31,53
"92073","comp55097_c0",14,19,216,144,635,979.19,23,2264,7,62,371
"92079","comp55100_c0",28,45,97,32,8,142,1,5,0,6,22
"92141","comp55143_c0",125,324,514.99,327,44,269,2100.42,2305.15,46,453,413
"92227","comp55198_c0",0,0,1,4,72,438.29,0,848,0,0,1
"92269","comp55222_c0",2,7,111,4,11,171.25,28,278,2,14,164
"92278","comp55230_c0",26,85.22,302.17,172.99,73,494.41,134,1546.01,17,126,247
"92286","comp55237_c0",0,2,4,0,0,12,0,1,2,44,100
"92353","comp55285_c0",200.89,563.82,980.36,720.04,505.04,1101.94,494.99,3995.11,34,835,1165
"92430","comp55343_c0",0,0,0,0,14,41,0,287,0,0,0
"92432","comp55345_c0",86,199,129.32,171,36,53,599,654,8,57,82
"92494","comp55390_c0",70,84,152,267.03,29,257.87,71,114,10,426.93,230
"92505","comp55399_c0",0,0,0,4,1111,1289.07,13,2535.25,0,2,247.06
"92509","comp55403_c0",10,30,26,45,6,30,17,38,1,56.05,73
"92527","comp55417_c0",12,25,68.34,47,1476.24,6878.52,37,18547.77,7,18,123
"92715","comp55538_c1",5,29.34,30.61,17,2,29,29,153,0,1,6
"92786","comp55588_c0",154,325,911,325.94,247,732.31,509,4965.46,39,353,1096.88
"92816","comp55602_c1",6,20,23,13,11,63,18,99,1,8,29
"92850","comp55625_c0",14,99,80,61,38,249,126,573,4,192,359.95
"92890","comp55650_c1",0,0,0,0,10,30,0,119,0,0,4
"92902","comp55658_c0",0,21,34,9,2,10,23,198,1,4,74
"93013","comp55739_c0",15,57,39,77,10,33,116,281.98,4,30,21
"93055","comp55769_c0",99.63,331.96,285.9,372.77,63,225,1062.02,1188.09,28,382.65,247.1
"93082","comp55786_c1",2,6,16,4,2,32,2,95,3,4,47
"93146","comp55826_c1",17,101,554,82,34,1037,94,831,15,493,542
"93183","comp55845_c1",13,19,132.67,47.02,216.16,287.56,13,1329,7,79,289
"93238","comp55886_c0",5,7,15,106,4,27,9.99,48,2,69,360
"93316","comp55943_c0",8,28,37,31,16,114,42.03,218,3,34,166
"93329","comp55953_c0",15,21,6.63,6,2,2,8,11.08,1,46,45
"93404","comp56001_c0",4,55,85,4,1,8,8,130,2,75,168
"93424","comp56016_c1",0,1,4,4,10,26.56,0,264.71,3,0,19
"93533","comp56094_c0",190,975.83,827.5,334,99,271,1534.98,3934.32,34,507,542.48
"93548","comp56105_c1",88.9,183.84,339.99,230,213,526.8,246.89,2233.02,10,148.11,353.17
"93549","comp56106_c0",10,37,47,28,8,42,6,26,0,38,54
"93556","comp56111_c0",1,1,2,3,0,55.01,0,2,1,185,253
"93557","comp56111_c1",0,0,0,0,0,55.97,1,1,1,112,205
"93562","comp56116_c0",10,15,19,19.99,3,20,22,13,2,85,121
"93590","comp56136_c0",16.98,91,55,37,5,25,66.99,102.02,0,12.04,8
"93771","comp56245_c0",24,81,96.98,47,0,0,0,3,0,54,95
"93828","comp56281_c0",31,110,90,8,3,1,589.18,768.97,1,6,2
"93919","comp56342_c0",0,0,25,11,53,106.06,0,245,0,3,51
"93943","comp56356_c0",14,72,64.09,36,6,39.88,20,29.98,0,73,41.17
"94061","comp56433_c2",2253.85,3850,6097,2243,531,653,4630.92,15308.89,184,1029.81,1849.89
"94069","comp56439_c0",8,36.49,35,24,2,20,30,32,0,73.39,61.31
"94204","comp56531_c0",130,491.52,260.29,595.79,72,468.07,388.72,857.96,7.86,124,94
"94211","comp56537_c0",0,0,1,0,100,2,525,866,0,0,0
"94217","comp56541_c0",61,187.88,262,188,33,133,373.79,1521.46,25,151,172
"94229","comp56549_c1",0,0,0,0,30,2,322,9321.27,1,0,1
"94239","comp56556_c1",82,256,474.73,179,45,116,272,5609,143,137,308
"94240","comp56556_c2",45,172,195,112,14,112,264,1714.1,53,83,205
"94242","comp56557_c1",38,50,74,90,10,159,43,72.41,7,217.76,176.02
"94260","comp56570_c0",669.97,2693,3115.58,4170.18,603.95,1836.21,4197,13830.89,417,2485.05,2121.33
"94267","comp56573_c0",21,120.81,200,102,34,120,64.06,73.91,5,206,144
"94304","comp56600_c0",162.99,920,2094.42,1103.75,213,1673.99,605.15,5080.55,41,1316,3042.53
"94353","comp56637_c0",0,0,3,0,0,61,0,183.65,0,2,69
"94405","comp56664_c0",88,264,0,0,1,4,234.91,749.79,5,0,1
"94457","comp56696_c0",48,50.16,55.99,248.9,60,206,198.01,429,4,49,29
"94594","comp56784_c0",149,385,444,295,208,445,470,3666.82,15,122,209
"94614","comp56797_c0",54,171,216,109,25,185,147,447,5,27,40
"94624","comp56803_c0",154,534,758.09,505.83,70,623,302,1051,11,681.37,969.08
"94630","comp56808_c0",40,132,91.98,88,15.99,146,0,0,2,43,131.05
"94637","comp56815_c0",0,3,10,0,17,59,4,110,0,1,10
"94774","comp56907_c0",7,20,95,19,11,223,25,506.54,2,15,171.04
"94870","comp56965_c0",39,65.98,59,60,13,55,183.76,221.19,2,32,32.13
"94931","comp57008_c0",143,492,492,168,58.97,354,244,290,12,20,27
"95049","comp57092_c0",16,67,66,52,7,30,84,2062,35,32,76
"95083","comp57114_c0",78,40,181.19,160,70,194.82,128,66,28.99,1092.79,694.93
"95110","comp57129_c0",0,20.52,6,18,8,39,10,71,1,6,10
"95112","comp57131_c0",619.98,2176.91,2879.89,1885.48,964.46,2465.03,1929.18,9606.36,100,1761.89,1835.03
"95175","comp57167_c0",15,49,282.97,15,12,276,37,410,2,26,740.95
"95208","comp57187_c0",161,562.03,907,530.01,1248,3201.66,459,9949.49,24,568,1162.9
"95275","comp57229_c6",0,2,1,60,9,89,55,256,2,0,0
"95288","comp57240_c0",725.5,1995.85,2481.73,2049,376,1638,1514,8190.83,248,945,971
"95303","comp57250_c0",3,9,28,4,3,178,24,1227.37,1,3,211
"95316","comp57261_c0",7,31,18,25,19,27,19,25,2,113,114.08
"95320","comp57264_c0",120,446,376,285.02,62,335,301,527.17,3,31.94,43.28
"95344","comp57281_c0",17,75,70,61,14,48,110,221,5,35,31
"95366","comp57295_c0",159,434,425.72,447,113,35,679,1068,7,34,52
"95386","comp57305_c0",3,0,91,12,166,299,0,1016,1,7.84,188.67
"95462","comp57358_c0",82.95,294.04,282.69,371.02,44.84,185,442,1121.99,51,226,149.64
"95480","comp57371_c0",76,33.61,662,553,2068.29,3498.86,57,11184.05,13,297,1206.87
"95492","comp57378_c0",7,49,31,37,5,27.97,9,20,4,60,73
"95549","comp57415_c0",65.02,50.02,52,196.14,27,77,265,1236.89,29.98,81,88
"95609","comp57456_c0",18,22,94,11,104,161,21,589.05,2,15,176
"95652","comp57485_c0",72,263,327,713,134,194,196,224,6,19,34
"95684","comp57508_c0",0,0,0,39,0,34.94,0,0,2,80,103.93
"95702","comp57519_c0",266,497,931,756.99,158,640.46,921,1556,15,231.34,186.88
"95742","comp57545_c2",23,54,72,38,12,39,82,144.98,1,18,13
"95757","comp57554_c0",8,16,24,23,19,63,23,268.77,3,44,143.99
"95782","comp57570_c0",157.49,747.04,979.2,842.03,96.81,321,629.84,9340.39,137,438.12,437.44
"95787","comp57573_c0",5,15,155,9,24,105,12,176,1,10,101
"95827","comp57598_c0",5,14.38,12,14,20.01,26.71,9,128,0,9.26,31.6
"95932","comp57649_c0",28,90,53,10,4,13,74,182,0,5.93,6
"95954","comp57667_c0",0,0,2,1,1,35,0,62,0,10,58
"95959","comp57671_c0",2,37.2,25,237.97,24,124,26,23.26,7,308.83,277
"95994","comp57692_c0",39,74,364,96,198,640,89,3535.87,4,89,269.89
"96059","comp57736_c1",0,0,12,2,1,579,0,350,0,1,632
"96245","comp57864_c1",2,9,13,5,1,5,36,72,0,80,271.78
"96281","comp57890_c0",6,69,52.95,31,6,29,105,104,1,6,6.16
"96401","comp57960_c1",15,47,77,26,5,17,71,116,0,2,3
"96541","comp58047_c0",55.05,250,236,153.92,31,132,426,2316,49,201,292
"96548","comp58052_c1",1,2,3,1,0,160,2,82,0,10,241
"96596","comp58078_c0",0,0,0,27,14,2,83,369.99,0,0,0
"96607","comp58083_c0",25,130.47,114.25,114.13,23,66.43,13,15,0,115.84,71.04
"96664","comp58122_c0",2,5,3,80,15,80,36,99,1,7,5
"96686","comp58133_c1",67,174,218,158,25,117,234,1635.63,35,155,123
"96716","comp58148_c0",1,2.16,96,5,210,342,1,1304.03,1,3,254
"96730","comp58159_c0",43,214,459,131,41,121,383,404,3,27,30
"96778","comp58190_c0",62,191,403,276,58.94,480,228,1005.68,7,20,19
"96841","comp58228_c0",0,8,10,13,15,4,42,182,1,4,10
"96844","comp58230_c1",2,3,23,1,1,14,3,5,5,106,138
"96885","comp58255_c2",3,25,28,34,92,173,24,588.92,7,20,31
"96915","comp58274_c0",1938,4126,3716.97,3193.04,578,1059,7501.48,8882.84,67,1432,1676.01
"96979","comp58310_c0",0,0,0,18,0,157.83,0,52.65,7,194.97,104.12
"97241","comp58472_c2",31.01,152,99,94,29,118.19,30,32,3,140,173
"97243","comp58472_c4",26,101,78,55,27,80,28,16,1,92,91
"97410","comp58559_c0",44,12,34.06,59,12,25,34,94,0,0,0
"97508","comp58612_c0",16,34,68,44,4,34,75,963.97,21,29,53
"97581","comp58655_c1",602,1672.99,4464.82,2629.64,470.96,1716.39,1087.11,3095.13,90,3398.13,2263.45
"97678","comp58710_c0",1,30,26,4,821.62,1418,6,4272.4,0,6,257
"97690","comp58718_c0",41,142,205,131,27,41,113.12,199,4,0,0
"97740","comp58754_c0",41,163,165,79,31,0,195,0,0,0,0
"97745","comp58754_c5",21,73,75,45,15,1,81,11,0,2,0
"97827","comp58799_c0",0,0,9,6,4,310,2,532,1,13,228
"97896","comp58842_c0",168.4,350,371,222,52,211.99,784.93,3250.48,94,149,206
"97968","comp58880_c1",6,25.91,17,1,1,8,2,9,3,49,46
"98019","comp58913_c0",0,7,8,1,9,38,0,66,0,2,11
"98039","comp58928_c1",1,6,7,100,17,130,64.72,269.57,1,7,8
"98075","comp58952_c0",0,0,17,1,1,27,1,80,1,1,49
"98235","comp59042_c0",237,449,531,336,123,190,1118.42,1542,19,289,224
"98242","comp59042_c7",1,1,3,1,1,1,7.01,1,4,181,112.91
"98275","comp59066_c0",714.99,1447,1723,1732.38,237,1983.16,1004.99,2228.01,84,3234.99,2156
"98422","comp59147_c0",3,24,41,34.97,6,30,15,13,0,33,45.81
"98454","comp59164_c4",1355.92,3447.74,4049.57,4452.72,949,4426.12,3769.04,5416.86,208.62,7095.33,6989.5
"98513","comp59197_c1",46.93,296.06,248,315.87,57,200.98,343.83,498.05,6,2,1
"98707","comp59298_c0",1,12,233.03,4,271,362.08,6,615.14,1,15,379
"98744","comp59318_c0",20,60,80,37,6,61,10,40.71,0,42,73
"98792","comp59347_c0",23,33,25,47,20,28,0,0,1,8,22
"98833","comp59366_c2",7,34,38,14,4,24,659.18,1255.15,19,44.21,32
"99000","comp59455_c1",20,104,481,82,48,305,92,657.02,3,124,316
"99071","comp59494_c1",45,167.08,104.5,200.72,57,155,168.06,441.11,2,46,33
"99075","comp59495_c3",32,149,136.58,435,41,334,678,690,8,156,85.7
"99209","comp59559_c0",20,36,27,52,16,33,228,555,2,26,30
"99291","comp59612_c0",9,86,1293,5,1,100,22.47,35,1,25.34,153
"99296","comp59616_c0",22,89,99,74,20,65,38,82,0,4,7
"99307","comp59620_c1",161,458.97,572,1077.21,196,816.16,1222.49,2281.47,38,452.35,420.02
"99424","comp59677_c0",21,86,79,78,9,0,5,5,0,46,83
"99566","comp59744_c0",16,45,82,110,43,107.99,120,376,5,29,37
"99680","comp59805_c3",80,333,200,109,35,173,0,199,3,0,0
"99689","comp59808_c0",0,0,0,30,8,0,0,1,0,2,85
"99748","comp59840_c1",19,46,26.86,38,9,1,55,108,1,0,0
"99821","comp59877_c0",1,11,13,9,1,1,6,19,3,118,146
"99830","comp59880_c1",10,115,185,62,13.01,41,161,343.94,4,25,34.01
"99835","comp59884_c0",75,266,240,238,37,203.32,272.08,561.21,27,992.17,1187.01
"99849","comp59889_c2",4,31,16.04,21,11,45.1,21.61,84,1,97,152
"99941","comp59939_c0",358,1017.01,1538.31,712.83,71.58,605,745,1159.89,8,118.05,139.14
"100110","comp60013_c0",44,142.33,178.71,388,100,299,1295,1796.49,29,342.99,241.92
"100150","comp60029_c1",4,17,20,25,5,34,11,28,0,53,49
"100187","comp60048_c0",7,26,36.99,20,5,25,25.29,73,3,73,165.19
"100193","comp60052_c0",13,51,97.73,29,96,184,34,686,1,16,44
"100257","comp60079_c0",21,69.77,66.76,28.54,7,29,10,38,1,110,190.53
"100286","comp60091_c0",12,61,63,48,9,8,0,0,0,52,41
"100350","comp60122_c6",4,33,19,8,6,24,8,41,1,14,41.8
"100398","comp60156_c0",1,0,2,15,44,140,0,276.6,0,2,5
"100428","comp60171_c4",645,1640.46,1572,1186.01,393,1434.99,650.88,6096.22,73.06,994.19,3830.21
"100505","comp60215_c0",9,48,34,24,4,34,5,13,0,50,44
"100539","comp60231_c0",410,921,1292.83,395.85,96,653.22,362,129,1,26,4
"100557","comp60240_c2",4,45,29,15,7,26.02,17,81,2,35,85
"100586","comp60253_c1",206.99,532.77,615.43,759.49,181,937.21,938.8,2108.89,17,206.96,194.58
"100591","comp60254_c0",133,202,2237.33,203,402.98,2281.19,156,4687,21,340,2761.02
"100609","comp60268_c2",4,35,39,39,6,16,13,53,0,2,1
"100801","comp60374_c3",3,35,29,10,0,1,61,85,3,2,5
"100912","comp60434_c0",12,29,158,44,158,386,54,1256,1,62,169
"100973","comp60457_c3",10,34,37,26,9,39,35,84,15,502,862
"101096","comp60528_c0",175,727.09,301,322.05,108,284.97,1665.98,1922,30,242,403.99
"101186","comp60574_c1",6,18,22,31,24,74,9,193,0,25,56
"101232","comp60601_c0",31,66,71,298,42,118,76,342,1,25,17
"101251","comp60611_c0",307.72,1183.02,1077,923.46,171,608,1331,1538.96,54,2219.99,2006.99
"101296","comp60634_c2",11,33,34.93,44,5,40,43,95.98,0,9,2
"101452","comp60714_c0",2,3,5,32,3,8,3,6,0,33,26
"101655","comp60828_c2",27,124,91,46,9,16,79,117,2,13,21
"101680","comp60843_c1",48.16,96,216.16,185,29,146.3,168,6287.82,167,66,223
"101839","comp60915_c0",54,113,339,196,26,88.32,239.02,659.9,28,864,1182
"101912","comp60950_c0",4,35,16,5,5,14,23,104.83,2,29.66,48.81
"101964","comp60982_c3",13,47.64,40,31,1,18,76,85,2,7,6
"101984","comp60990_c1",342.95,962.85,1075.46,847.21,546,915.08,1607.16,6686.98,43,553.51,581.94
"102063","comp61026_c11",4,11,5,9,2,14,372,1066.96,2,10,9
"102321","comp61138_c0",47,347,205,171,29,51,1189.61,1271.8,15.14,233,90.08
"102325","comp61139_c1",10,81,32.7,13.49,2,6,35,168,0,4,10
"102374","comp61165_c0",17,64.61,119.05,341,32.37,263,58,232,17,556.79,468.52
"102443","comp61198_c1",13,63,69.99,76,8,2,58.1,113.04,3,5.01,3
"102467","comp61213_c0",20,103,50.99,132,105,270,251,533.39,2,2,26
"102469","comp61214_c0",71.37,178.45,257.02,98.99,26.98,55,283.99,620.92,14,93,87.75
"102537","comp61249_c0",60,236,259,54,16,48,60.85,164,6,230,303.99
"102605","comp61277_c0",2,17,30,42,8,55,87.9,196.01,6,20,16
"102618","comp61285_c0",0,0,0,0,78,98.43,1,529,0,1,0
"102726","comp61336_c1",345.83,663.93,736.02,991.69,233,436.99,1142.15,1684.7,41,339.72,233
"102962","comp61442_c0",33,15,19,45,5,20,29,93,0,0,1
"102973","comp61448_c1",1748,3760.23,7764.12,3172.11,754.32,1558.76,6320.27,17310.66,228,2867.68,2348.72
"102989","comp61459_c0",53,88.91,62.98,222.95,40,144.04,168.96,479.27,4,52,44
"102999","comp61463_c0",32,86,242,170,46,123,228,554,5,0,0
"103285","comp61585_c2",14,53.19,43,52.98,7,35.98,46,140,0,1,3
"103346","comp61618_c0",1352,3495.35,4831.88,2549.17,451,1233,3738,13377.35,130,1523.05,1814.98
"103396","comp61635_c1",245,1076,1035.31,1075.17,176.06,366,1302,1205.97,21,197,195
"103401","comp61637_c0",722,2046.89,2226,2034.17,353.72,1115.58,1826.93,2587.73,82,3113.7,3756.9
"103491","comp61663_c3",0,0,0,0,0,0,0,0,5,161,228.08
"103543","comp61687_c0",0,0,0,78,0,0,0,0,2,171,76
"103592","comp61711_c2",499,986.02,1036,1274.77,211.61,631.5,1308.94,1756.5,26,283,172.13
"103611","comp61723_c1",383,1421.1,1158.29,1198.5,242.99,1059.85,1694.59,2199,29.01,271.01,227.87
"103639","comp61735_c0",31,123,111,53.99,12,88,58,200,8,182,436
"103689","comp61759_c0",1.99,97,241.84,4,6,85,9,19.93,3,125,198.86
"103697","comp61761_c0",17,39,129,100,23,66,25,67,1,101,136.01
"103706","comp61764_c0",222,618,316,219,70,40,482.01,837,8,153,236
"103712","comp61766_c0",113,363.75,383.45,26,7,67.51,297.93,808.87,9,31,78.85
"103743","comp61785_c0",10,28,33,24,6,19,20,48,1,68.02,100.81
"103796","comp61808_c0",16,64,64,54,10,0,65,90,1,0,0
"103841","comp61830_c1",1,2,5,38,50,79,2,149,0,12,36
"103879","comp61849_c1",6,9,16,6,1,4,58,151,3,11.87,10
"103949","comp61886_c0",0,1,5,0,114,1,796.16,12206.23,0,0,3
"103950","comp61886_c1",0,0,3,0,20,0,84,1427,0,0,0
"103971","comp61894_c0",18,108,85,68,13,42,686,824.18,1,96,80
"104021","comp61920_c1",151,10,1830.3,524,9634.99,16397.05,18,60128.98,52,206,2887
"104035","comp61927_c0",478,1835.94,1687,888.87,306,1371.29,476.09,811,36,1308.98,1701.78
"104221","comp62016_c2",31,118,151,169.23,82,230.41,541.23,1171.11,12,116,107
"104336","comp62052_c4",18,88,87,68.83,101,184,61,556.02,1,71,95.76
"104443","comp62100_c1",371.94,1225.93,1656.11,1455.84,265,1099.65,1700.74,13395.03,238,1229.79,1499.44
"104461","comp62108_c1",5,3,13,7,3,14,15,37,3,72,163
"104554","comp62156_c4",107.02,228.99,219,122.65,18,80,371.06,806.46,9,110,79.07
"104581","comp62169_c0",60,219,197.48,98,14.14,84,49.01,139,8,353.48,495.93
"104776","comp62254_c0",100,712.67,490.05,48.8,11,350.08,62.9,73.85,14,576.66,539.24
"104842","comp62284_c0",3,9,17,19,8,49,10,29,2,40,40
"104870","comp62298_c0",121,462,432,168.04,97,44,618,3076.36,17,202.23,700.19
"104930","comp62319_c2",15,75,73,74,299,1954.8,74,4301.6,2,58,124
"104934","comp62321_c0",386,1467.29,3062.54,1586.28,7510.99,11865.06,1503.99,42572.12,119,1781.87,4420.71
"104941","comp62322_c5",8,32,39,8,0,8,46,66,0,5,5.98
"105031","comp62374_c2",0,0,3,10,2,26,2,5,1,37,45
"105096","comp62403_c0",1,11,26,4,0.99,95.02,4,56.87,0,5,49
"105120","comp62411_c0",31,86,290,90,5086.06,8962.67,67,30503.44,16,79,1416.36
"105130","comp62416_c0",25,82.04,179.09,103,240,603.4,100.31,1714.19,11,87,593
"105221","comp62463_c0",2,13,11,36.98,4,57.99,80.07,139.75,1,7,3
"105532","comp62602_c0",7,53,282.97,3,0,66,11,71,3,2,22
"105598","comp62630_c0",9,33,20,13,8,13,162,115,1,12,4
"105639","comp62647_c0",36.01,126,372.54,175.51,73.75,1301.23,98.16,1907.09,13,244.27,2965.6
"105640","comp62648_c0",160,413,622,354.12,93,430.97,625.44,8288.99,210,333,506
"105659","comp62657_c3",6,20,0,16,0,1,209,283,3,0,8
"105814","comp62732_c3",226.84,653.79,852.54,1371.23,304.8,545.5,787.19,2874.77,80,421.73,408.4
"105848","comp62748_c1",21,84.85,0,165,21,30,130,152,4,0,0
"105856","comp62752_c0",7,61.99,40,27,8,39.13,36,144.92,3,32,80.04
"105857","comp62752_c1",522.96,2153.37,2506.14,1521.98,853.99,2482.1,2507.07,11228.51,250,1207.96,2701.69
"105945","comp62791_c0",97,568,339.01,336.82,56,76.01,2016.11,4610.64,38,879,464
"105947","comp62793_c0",326.86,1035.77,1304.94,1021,150,623,674.03,1226.65,65,3462.69,2815.75
"106046","comp62841_c0",6,78,45,35,9,16.56,3.03,5,0,14,16
"106127","comp62879_c0",58,138,258,205,36,118,199,3154.06,65.86,129,186.39
"106234","comp62929_c1",10,100,55,0,0,0,172,31.99,2,0,0
"106286","comp62950_c1",21.02,58.99,68.98,65.99,13,60,9,50.02,2,157,276.96
"106287","comp62950_c2",5,18,13,11,0,22,11,41,2,63,79
"106324","comp62972_c0",611.7,2497.68,2500.15,87,26.5,1683.77,2899.11,3352.6,29,73.94,179.36
"106374","comp62994_c0",2,2,54,11,3,54,15,7,0,29,80
"106447","comp63034_c3",51,186,87,101,5,14,203.9,432.93,5,43.01,51
"106507","comp63061_c0",601,1822,2760,1765.52,445.02,947,3455,6560.9,89,1188.01,1087
"106556","comp63080_c0",584,2126.42,2175.07,2113.22,336,1854,2206.73,5348.97,68,844.01,561.24
"106563","comp63082_c2",860.98,2297.36,2607.35,1351,784.86,3424.99,1244.59,11176.65,76,1318.78,3626.06
"106636","comp63106_c0",0,1,2,45,9,52,77,229.12,2,22,5
"106711","comp63137_c0",44,251,8,148.99,34,14,143,426.85,0,12,25
"106720","comp63142_c0",6,7,16,7,4,16,27,41,7,446.98,335.78
"106724","comp63143_c2",176,648.9,742,1516.99,485,599.44,1329,5533.54,50,382.07,1074.3
"106749","comp63157_c0",21,53,58,31,10,54.02,595.01,708.04,10,66.8,70.02
"106796","comp63178_c0",303.01,1070,984.02,817.71,195,846.99,997.94,1901.62,60,2203.54,2843.3
"106803","comp63182_c0",78,212.64,322.5,158.01,94.91,513.33,119.94,1086.61,10,158,394.82
"106823","comp63192_c0",78,316,314,9,3.97,15.99,237,574.93,6,1,1
"106935","comp63236_c1",20,128.22,169.96,34,31,191,36,242.44,1,38,95.28
"107053","comp63282_c4",9,44,42,8,2,5,12,23,0,54.29,27
"107159","comp63324_c0",6,37.99,27,20,6,25.08,294,331,2,15,27.46
"107160","comp63325_c0",46,197.01,91,302,60,590.67,128.02,191,8,345.95,396.02
"107165","comp63328_c0",256,954.96,982,1063.17,490,1161.36,1040,2793.9,59,1023.12,1630.99
"107179","comp63338_c0",409.2,1492.35,1407.38,959.93,207,771.5,1193.31,2235.8,28,510,383.64
"107277","comp63383_c2",13,24,61,0,0,0,135,129,2,0,0
"107310","comp63393_c3",408,1386.09,1168,1664.2,221.14,846,3543.12,5372.8,103,1445.93,1302.07
"107477","comp63463_c2",6,2,39,0,0,0,0,0,1,73,49
"107575","comp63500_c5",494,1431,1616,1847.97,236,733,2445,2470,50,914.86,570.27
"107621","comp63517_c0",46,143,196.21,138,19,115,40,0,1,0,0
"107633","comp63524_c0",255,1332.17,982.58,2509.98,530.24,916.26,43,688.87,31,1400.03,1309.48
"107719","comp63563_c5",3,29,39,25.01,11,48,33,357,4,23,42
"107725","comp63566_c3",23,113,5.36,86,1,143,191,308.93,1,4,8.55
"107757","comp63580_c2",4,19.04,40.99,61.01,13,109.31,211.09,307.35,5,34.01,34.53
"107775","comp63590_c1",333.99,1131.7,1208.03,1190.81,176.88,815.36,1401.62,2187,15.01,341.1,323
"107784","comp63597_c1",21,85,234,146,163,391,125,1216,11,190,286
"107785","comp63597_c2",86.06,439.99,1076.74,789.29,812.37,2045.32,600.59,5395.31,40.01,927.35,1602.44
"107852","comp63626_c0",0,0,0,0,0,0,0,0,2,69.99,35
"107853","comp63626_c1",88,173,300.12,199,35,325,183,609,30,1052,797
"107946","comp63671_c0",335,1331.2,2497.69,543,48,991.26,364.99,1355.21,63,1316,1432.37
"107952","comp63674_c0",427.51,1077.98,1333.82,1215.63,338.92,1668.56,44.01,43.23,0,5,6.96
"108022","comp63705_c2",203.95,490.01,773,628,797,1752,629.16,7819.17,30,580,831.22
"108071","comp63728_c0",243,862.48,713,2019.35,428,1965,4437.57,5181.43,80,842.31,609.01
"108080","comp63731_c2",0,3,1,2,89,97,2,203,0,2,20.27
"108089","comp63736_c0",10,58.1,48,78,8.21,65,29,91,0,103,157
"108245","comp63802_c0",56,185.38,567.04,146,30,433,342,1121.07,31,1120.59,1655.69
"108295","comp63828_c0",144.07,199,556,406,2002.67,2973.48,387,13530.43,15,351,1045.56
"108300","comp63830_c0",422.98,1333.34,1486.01,671,128.99,2649.45,863,3040.6,74,3144.15,8392.91
"108327","comp63840_c0",0,0,0,15,7,37,0,0,1,54,93
"108425","comp63890_c2",3,18,52,20.32,5,59.03,12,9,1,62,113.25
"108434","comp63895_c0",0,0,0,6,10,65,48,213,0,1,0
"108545","comp63941_c0",2,2,4,6,1,7,42,114,2,154,143
"108550","comp63944_c2",16,36,29,12,5,69,0,19,1,41,52
"108635","comp63978_c2",29,113,82,106,11,59,15.86,10.04,0,1,0
"108651","comp63983_c0",3,20.67,14,11,4,28,8,39.27,2,40,116
"108673","comp63995_c0",528,1953,698,1483,444,826,1731,3372.38,48,774,1222.31
"108743","comp64028_c0",13,45,42,44,10,40,34,37,0,0,0
"108885","comp64094_c0",13,45,31,34,22,60.13,23,790.15,2,16,62
"108903","comp64104_c0",11,65.95,78.95,37,11,18,1,2.87,1,45,27
"108929","comp64116_c2",9,35,28,26,11,1,26,56,0,0,1
"108933","comp64118_c0",240,352,514,870.76,101,878.97,176.78,310,24,904.64,499
"108974","comp64140_c1",42.78,226,133,151.12,40,167,382,623,18,749.03,1241.75
"109217","comp64248_c2",31,111,194,80,19,121.09,35,134.5,6,299,217
"109233","comp64257_c2",111.99,395.01,330,344.02,64,299,782,1238.28,6,91.99,60
"109287","comp64281_c1",162.93,660.96,935.93,619.12,106,554.1,3722.51,5324,83,1206.65,1009.38
"109341","comp64307_c0",715.01,2265.4,3116.05,2036.13,376,1947.5,1148,2255.52,60,1969.7,2096.99
"109405","comp64333_c0",60,247,234.06,152,43,245.73,224.34,207.01,5,10,9
"109493","comp64372_c1",14,42,148.99,24,6,40,32,56,0,107.99,193.93
"109646","comp64439_c1",0,0,0,0,0,0,0,0,2,41,30
"109712","comp64465_c0",1793.65,4103.39,6457.31,1310.82,1080.99,6950.62,40,65.61,0,24,5723.35
"109820","comp64509_c2",70,44,696,763,122,535.19,568,1381.28,12,22,55.22
"110082","comp64608_c5",20,26,67,22,8,76.94,8,29,1,33,94
"110085","comp64610_c0",46,188,166.05,449,123,153,547.99,1846.38,16,171.18,240.03
"110237","comp64672_c1",33.99,107,106.72,79,9,54,57.02,180,2,0,0
"110242","comp64674_c0",16,73,77,49,5.51,23,27,89,4,237,389.09
"110243","comp64674_c1",10,23,44,16.21,0,1,7,19,5,138,225
"110428","comp64744_c0",837.47,3677.98,3900.12,2999.51,566.82,1587.35,4484.98,11181.96,219,2500.84,1982.92
"110552","comp64799_c0",33,152,155.87,100.12,13.54,61.98,83,196.16,12,767.56,1060.98
"110556","comp64800_c0",8,30,15,20,4,12,14,31,0,40,70
"110613","comp64826_c0",44,130,144,183,30,80,242,277.99,2,1,4
"110680","comp64852_c1",44,142,133,121,25,145.08,236,898,19,88,110
"110866","comp64929_c0",449.19,1275.99,1164.48,1452.42,374.72,1187.93,2243.62,4918.51,86.9,1104.78,1046.72
"110920","comp64954_c1",0,0,531,480.02,71.69,310,463,751,3,1,1
"110921","comp64954_c2",144,631.28,899.72,99.82,35.98,214,179,605.9,15,691.79,1163.8
"110954","comp64969_c0",199.67,848.25,612.02,1637.5,280.67,2342.35,766.49,736.96,42.6,1718.67,2114.36
"111054","comp65010_c0",8,23,26,17,5,42,0,0,3,23,44
"111059","comp65013_c0",0,0,0,2,1,0,85,86,2,10,2
"111073","comp65015_c0",34,207.76,172,172,8,96,563.58,746.89,44,1620.2,1741.3
"111099","comp65030_c1",22,96,67,10,1,14,10,22,2,78,99
"111116","comp65042_c0",0,0,0,0,0,1,0,2,2,160,86
"111135","comp65049_c0",178.88,1028.11,747,310,88,134,94.82,193,18,905.77,840.05
"111154","comp65060_c0",31,138,196,76,158,276.18,131,987.01,11,108,203
"111196","comp65076_c0",8,41,50,19,3,38,7,40,1,34,60
"111261","comp65101_c2",22,80,4,78.01,15,4,85,160,1,1,11
"111393","comp65154_c0",46,126.7,64.66,51.03,30,165.87,16.03,143.98,10,498.58,605.51
"111455","comp65187_c1",328.66,1141.76,2649.01,714,214,1090,765,3181.97,109,548,1350.99
"111497","comp65204_c2",292,1038,1099.13,1111.43,215,743.07,1125,3340.58,89,3494.32,2438.46
"111523","comp65214_c0",83,183,265,47,5,79,164,219.98,11,430.02,449.87
"111539","comp65222_c1",215.98,585.99,738.01,693.65,192,576.02,1215.58,2573.94,43,480.99,512
"111540","comp65223_c0",0,88.38,155.09,40,32,109.62,13.49,37.12,1,1,1
"111577","comp65243_c0",9,18,56.39,12,1,4,5,12,1,36,53
"111587","comp65247_c0",8,33,46,20,11,30.96,51.1,94,11,527,381
"111598","comp65250_c1",60,170.5,135.88,197,39.05,165,138,244.9,2,12.8,5
"111600","comp65250_c3",65.05,189.03,130,159,38,195.43,105,285.36,1,6,10
"111636","comp65269_c0",136.81,416.02,459.74,341.63,141.85,457.05,366.9,1002.99,7,91.71,93
"111675","comp65287_c0",1232.62,4985.13,6526.27,3882.65,1311.9,4442.07,4191.65,20140.85,180.01,4209.07,4987.48
"111746","comp65316_c1",38,98,132,94,20,127,24,111.01,2,118.86,158.61
"111774","comp65327_c0",6,22,31,46,12,359,0,2,2,52,34
"111808","comp65345_c0",5,22.48,17,3,6,1,6,27,2,77,127.99
"111861","comp65370_c0",55,269.97,373.98,304.39,36,282.2,53,181.99,4,272.24,305.05
"111885","comp65378_c0",9,32,23,22,4,36,181,441.99,2,25,21
"111897","comp65385_c1",145.09,441,451,278,54,230.72,554,5641.94,152,191.38,345.95
"111978","comp65426_c0",55,229,210.45,180.98,355,733.16,175.99,2091,8.96,159.46,233.19
"112042","comp65448_c8",97.75,539.21,441.22,284.97,66,602.79,266.43,422.66,15,538.18,757.95
"112052","comp65450_c5",24,93,96,108,20,84,111,268.36,1,0,0
"112056","comp65452_c1",29,272.01,412,41.61,10,338,28.81,90.04,4,249.75,410
"112057","comp65452_c3",8,66,101.29,3,1,83,10,26,0,47,89
"112067","comp65455_c1",9,21,11,132,41,61,207.2,954,7,35,1
"112075","comp65460_c0",194,863.01,789.73,1490.25,296,1354.66,1965.55,2804.28,42,635.8,506.47
"112100","comp65468_c0",125,685.99,824.09,527,82,443.21,186,292,17,734,755
"112128","comp65483_c1",0,1,1,1,1,0,24,171,4,224,237.06
"112137","comp65488_c0",409.99,1230.01,1675,2347.04,318.87,1914.82,1128.95,2470,108,3461.23,2311.94
"112226","comp65523_c1",948.86,6606.3,7827.5,2918.65,527.02,1260.65,1576.9,15955.59,213,305.63,333
"112229","comp65524_c2",16,39,51,35,2,48,31,65.89,0,3,1
"112234","comp65526_c1",44,172.02,135,53,12,0,30,0,2,0,0
"112290","comp65555_c0",216.46,729.79,679.83,991.79,264,600,1441.67,1978.2,24,425.51,399.99
"112343","comp65580_c1",11,44,54,148.09,6,39,16,43.95,7,282.01,213.98
"112399","comp65604_c0",13,90,71,22,0,15,44,98,2,0,0
"112492","comp65640_c0",281,889.21,894,1509.09,271,1259.06,987.05,1566.98,86,3156.78,2035.32
"112507","comp65648_c0",7,10,164,38,584.78,1276.6,7,2347.63,2,26,328.51
"112521","comp65652_c0",19,62,375.93,135.98,66,677.47,93,1922.59,11,40,712.49
"112526","comp65655_c0",155.73,348.22,522.91,454.43,145.31,471.03,690.02,2933.7,31,159,215.54
"112598","comp65688_c0",28,31,25,15,15,167.57,25,78,1,132,293
"112694","comp65728_c0",78,191,67.2,72.07,22,103.63,169,337.95,26,1298.33,2687.01
"112714","comp65738_c1",0,0,0,263,79,94,443.55,797,2,4,9
"112767","comp65766_c2",0,1,2,0,18,399,256,360,2,0,1
"112794","comp65776_c1",13,38,37,36,9,13,0,36,1,0,0
"112811","comp65784_c0",145.04,169.82,130.61,876.57,108.29,473.01,988,1256.44,34,183.38,202.37
"112845","comp65797_c1",26,101,64,52,12,64,16,28,3,77,80
"112915","comp65828_c0",807,1491.01,2610,2760,635.02,3710.28,1481,3996.98,5,0,0
"112938","comp65840_c2",259,389.47,368.83,947,147,312,887,1554,40,390.96,244.98
"112939","comp65841_c0",287.84,1215.95,985.31,1438.6,228.01,1547.27,784.31,1021.63,38,1408.13,1758.3
"112965","comp65852_c2",192.54,563.05,548,454.85,83,479.8,589.97,1206.88,16,206,113.05
"112987","comp65860_c1",56,101,208,229.01,16,303.3,128.01,117,12,298.77,122
"113087","comp65914_c1",7,30,28,17,5,26,9,20,0,31,48
"113095","comp65917_c1",0,0,0,0,0,120,121,255.96,0,0,0
"113108","comp65923_c0",13,49,90,43,20,143,80,858,2,18,109.02
"113119","comp65929_c1",106,418,27,149,25,22,41,84,2,108,130.35
"113123","comp65931_c0",175,300,671.02,619.87,55,873,708,401,34,1066.15,421
"113145","comp65943_c0",6,14,10,42,11,66,12,21,1,51,96
"113153","comp65947_c0",1032.64,3851.85,4961.74,2005.19,370.1,2061.13,2825.44,3253.81,126,3673.77,3843.83
"113156","comp65949_c1",131,261,421,82.02,6,120,216.15,336,20,715,678
"113201","comp65973_c1",1489.15,5273.05,6048.9,6334.97,4602.41,13216.27,5143.25,32615.3,253.22,7007.94,8326.88
"113246","comp66000_c0",0,0,0,0,0,67,0,457.75,1,17,150
"113304","comp66028_c0",370,1109.03,436,1352.28,227,838.93,1556.91,2267.87,36,473.72,421
"113305","comp66029_c0",4,47,26,114.1,36,40.33,156,656,2,1,0
"113318","comp66036_c0",39.5,189.84,154,105,29,160.47,57,118.64,5,159.07,175.76
"113346","comp66056_c0",47,69,24,69,16,21.05,152.02,425.56,4,14,30
"113430","comp66105_c0",333,1128.22,1100.18,782.89,187.19,1255.13,441.18,980.15,30,913.12,1316.21
"113449","comp66115_c1",169,483,386.86,605,102,172.91,834.05,984.22,12,202,127
"113479","comp66132_c0",41,163.75,176.05,171.98,26,129.09,64,225,10.08,312.5,339.63
"113497","comp66142_c0",0,10,26,0,874.9,11,3796.31,124683.4,11,1,11
"113556","comp66197_c0",354.34,1558.17,4980.31,1040.84,148.98,2295.94,507.03,2094.16,46,1337.07,1517.76
"113583","comp66261_c0",169,455,762.81,576,157,503.9,578,1825.99,58,274,290.26
"113708","comp66761_c0",61.99,204,443,819.4,62,214,259,16895.42,460,135,393
"113911","comp67806_c0",0,0,0,0,7,34,0,758,0,0,0
"114060","comp68421_c0",5,68.99,60,46,9,47,53.51,48,0,1,4
"114115","comp68630_c0",11,26,0,0,3,34,79,50,0,0,0
"114195","comp68899_c0",0,1,4,2,0,9,0,61,8,1,637
"114202","comp68915_c0",0,22,17,10,5,30,22,83,1,14,33
"114236","comp69042_c0",0,0,0,3,5,33,12,27,2,72,45
"114256","comp69121_c0",2,6,3,25,7,29,47,78,1,8,4
"114309","comp69319_c0",0,0,0,0,0,0,0,0,2,218,63
"114356","comp69452_c0",0,0,1,0,15,26,0,61,0,2,60
"114565","comp70149_c0",3,16,48,19,2,22,1,3,0,32,28
"114620","comp70308_c0",25,72,72,26,46,117,164,354.58,4,20,35
"114628","comp70338_c0",2,12,22,14,8,55,9,132.63,1,9,35
"114789","comp70854_c0",0,0,0,5,19,30,0,79,1,1,2
"114938","comp71466_c0",0,0,0,0,0,0,0,0,3,99,85
"115079","comp72089_c0",0,0,1,0,8,49,0,100,0,0,2
"115176","comp72573_c0",1,0,1,5,7,26,0,63,0,0,4
"115526","comp74658_c0",16,49,48,47,4,15,53,55,1,3,1
"116642","comp81103_c0",0,0,0,0,0,0,0,0,8,41,45
