Sample	FastQC_percent_gc	FastQC_avg_sequence_length	FastQC_percent_fails	FastQC_total_sequences	FastQC_percent_duplicates
SRR1639282	46.0	191.36201611862424	27.27272727272727	11142142.0	
SRR1639282_10bp	46.0	181.36201611862424	9.090909090909092	11142142.0	
SRR1639282_Quali_10bp_noShortReads	46.0	181.36201611862424	9.090909090909092	11142142.0	40.477095635472985
SRR1642915	47.0	202.0	27.27272727272727	21213480.0	
SRR1642915_AdapTrimmed	47.0	198.57985125495676	45.45454545454545	21213480.0	
SRR1642915_AdapTrimmed2	47.0	198.57760673873406	45.45454545454545	21213480.0	
SRR1642915_Adapt_Quali	47.0	190.45469616489137	54.54545454545454	21213480.0	
SRR1642915_Adapt_Quali_9bp	47.0	181.68874272396607	27.27272727272727	21213480.0	
SRR1642915_Adapt_Quali_9bp_noShortReads	47.0	187.17378408124304	8.333333333333332	20576971.0	46.6797471604545
